1.423932241053897374e-01
1.865425260354819370e-01
2.443804067105276312e-01
3.201510371562317214e-01
4.194145020538400659e-01
5.494548013824748223e-01
7.198143537809763570e-01
9.429942237386201853e-01
1.235371455616983027e+00
1.618400828907135214e+00
2.120189220091038607e+00
2.777558098524790964e+00
3.638745503266631154e+00
4.766945773186658464e+00
6.244946777427059281e+00
8.181204928376162755e+00
1.071780376448023020e+01
1.404088010746195714e+01
1.839428287029117826e+01
2.409746680569353927e+01
