#       k [h/Mpc]           P_cdm          P_vcdm         P_total
          0.0001     0.000262229     0.000262229     0.000262229
     0.000106333     0.000278256     0.000278256     0.000278256
     0.000113066     0.000295261     0.000295261     0.000295261
     0.000120226     0.000313304     0.000313304     0.000313304
      0.00012784     0.000332448     0.000332448     0.000332448
     0.000135936     0.000352761     0.000352761     0.000352761
     0.000144544     0.000374313     0.000374313     0.000374313
     0.000153697     0.000397179     0.000397179     0.000397179
     0.000163431      0.00042144      0.00042144      0.00042144
      0.00017378     0.000447179     0.000447179     0.000447179
     0.000184785     0.000474487     0.000474487     0.000474487
     0.000196487     0.000503458     0.000503458     0.000503458
      0.00020893     0.000534192     0.000534192     0.000534192
      0.00022216     0.000566796     0.000566796     0.000566796
     0.000236229     0.000601382     0.000601382     0.000601382
     0.000251189      0.00063807      0.00063807      0.00063807
     0.000267096     0.000676985     0.000676985     0.000676985
      0.00028401      0.00071826      0.00071826      0.00071826
     0.000301995     0.000762037     0.000762037     0.000762037
     0.000321119     0.000808463     0.000808463     0.000808463
     0.000341455     0.000857696     0.000857696     0.000857696
     0.000363078     0.000909901     0.000909901     0.000909901
     0.000386071     0.000965253     0.000965253     0.000965253
     0.000410519      0.00102394      0.00102394      0.00102394
     0.000436516      0.00108614      0.00108614      0.00108614
     0.000464159      0.00115208      0.00115208      0.00115208
     0.000493552      0.00122195      0.00122195      0.00122195
     0.000524807        0.001296        0.001296        0.001296
     0.000558042      0.00137444      0.00137444      0.00137444
     0.000593381      0.00145754      0.00145754      0.00145754
     0.000630957      0.00154554      0.00154554      0.00154554
     0.000670914      0.00163871      0.00163871      0.00163871
       0.0007134      0.00173734      0.00173734      0.00173734
     0.000758578      0.00184171      0.00184171      0.00184171
     0.000806616      0.00195212      0.00195212      0.00195212
     0.000857696       0.0020689       0.0020689       0.0020689
     0.000912011      0.00219234      0.00219234      0.00219234
     0.000969765      0.00232279      0.00232279      0.00232279
      0.00103118      0.00246059      0.00246059      0.00246059
      0.00109648      0.00260606      0.00260606      0.00260606
      0.00116591      0.00275956      0.00275956      0.00275956
      0.00123975      0.00292145      0.00292145      0.00292145
      0.00131826      0.00309206      0.00309206      0.00309206
      0.00140174      0.00327174      0.00327174      0.00327174
       0.0014905      0.00346083      0.00346083      0.00346083
      0.00158489      0.00365968      0.00365968      0.00365968
      0.00168526      0.00386858      0.00386858      0.00386858
      0.00179198      0.00408785      0.00408785      0.00408785
      0.00190546      0.00431776      0.00431776      0.00431776
      0.00202613      0.00455856      0.00455856      0.00455856
      0.00215443      0.00481046      0.00481046      0.00481046
      0.00229087      0.00507364      0.00507364      0.00507364
      0.00243594      0.00534823      0.00534823      0.00534823
       0.0025902      0.00563428      0.00563428      0.00563428
      0.00275423      0.00593181      0.00593181      0.00593181
      0.00292864      0.00624076      0.00624076      0.00624076
      0.00311411      0.00656097      0.00656097      0.00656097
      0.00331131      0.00689222      0.00689222      0.00689222
      0.00352101      0.00723416      0.00723416      0.00723416
      0.00374398      0.00758635      0.00758635      0.00758635
      0.00398107      0.00794824      0.00794824      0.00794824
      0.00423318      0.00831914      0.00831914      0.00831914
      0.00450125      0.00869824      0.00869824      0.00869824
       0.0047863      0.00908455      0.00908455      0.00908455
       0.0050894      0.00947698      0.00947698      0.00947698
       0.0054117      0.00987424      0.00987424      0.00987424
       0.0057544       0.0102749       0.0102749       0.0102749
      0.00611881       0.0106773       0.0106773       0.0106773
      0.00650629       0.0110797       0.0110797       0.0110797
      0.00691831         0.01148         0.01148         0.01148
      0.00735642       0.0118761       0.0118761       0.0118761
      0.00782228       0.0122656       0.0122656       0.0122656
      0.00831764       0.0126459       0.0126459       0.0126459
      0.00884437       0.0130141       0.0130141       0.0130141
      0.00940445       0.0133672       0.0133672       0.0133672
            0.01        0.013702        0.013702        0.013702
       0.0106333       0.0140149       0.0140149       0.0140149
       0.0113066       0.0143023       0.0143023       0.0143023
       0.0120226       0.0145601       0.0145601       0.0145601
        0.012784       0.0147841       0.0147841       0.0147841
       0.0135936         0.01497         0.01497         0.01497
       0.0144544       0.0151131       0.0151131       0.0151131
       0.0153697       0.0152087       0.0152087       0.0152087
       0.0163431       0.0152522       0.0152522       0.0152522
        0.017378       0.0152389       0.0152389       0.0152389
       0.0184785       0.0151647       0.0151647       0.0151647
       0.0196487        0.015026        0.015026        0.015026
        0.020893       0.0148201       0.0148201       0.0148201
        0.022216       0.0145459       0.0145459       0.0145459
       0.0236229       0.0142042       0.0142042       0.0142042
       0.0251189       0.0137979       0.0137979       0.0137979
       0.0267096       0.0133326       0.0133326       0.0133326
        0.028401       0.0128166       0.0128166       0.0128166
       0.0301995       0.0122608       0.0122608       0.0122608
       0.0321119       0.0116779       0.0116779       0.0116779
       0.0341455       0.0110819       0.0110819       0.0110819
       0.0363078       0.0104868       0.0104868       0.0104868
       0.0386071      0.00990582      0.00990582      0.00990582
       0.0410519      0.00935053      0.00935053      0.00935053
       0.0436516      0.00883015      0.00883015      0.00883015
       0.0464159       0.0083514       0.0083514       0.0083514
       0.0493552      0.00791822      0.00791822      0.00791822
       0.0524807      0.00753147      0.00753147      0.00753147
       0.0558042      0.00718823      0.00718823      0.00718823
       0.0593381      0.00688072      0.00688072      0.00688072
       0.0630957      0.00659528      0.00659528      0.00659528
       0.0670914      0.00631211      0.00631211      0.00631211
         0.07134      0.00600709      0.00600709      0.00600709
       0.0758578      0.00565684      0.00565684      0.00565684
       0.0806616        0.005247        0.005247        0.005247
       0.0857696      0.00478126      0.00478126      0.00478126
       0.0912011      0.00428617      0.00428617      0.00428617
       0.0969765      0.00380655      0.00380655      0.00380655
        0.103118      0.00339065      0.00339065      0.00339065
        0.109648      0.00307075      0.00307075      0.00307075
        0.116591      0.00284754      0.00284754      0.00284754
        0.123975      0.00268537      0.00268537      0.00268537
        0.131826      0.00252439      0.00252439      0.00252439
        0.140174       0.0023132       0.0023132       0.0023132
         0.14905       0.0020479       0.0020479       0.0020479
        0.158489      0.00177911      0.00177911      0.00177911
        0.168526      0.00156862      0.00156862      0.00156862
        0.179198      0.00143365      0.00143365      0.00143365
        0.190546      0.00133188      0.00133188      0.00133188
        0.202613      0.00120614      0.00120614      0.00120614
        0.215443      0.00105258      0.00105258      0.00105258
        0.229087     0.000919849     0.000919849     0.000919849
        0.243594     0.000831493     0.000831493     0.000831493
         0.25902     0.000754413     0.000754413     0.000754413
        0.275423     0.000663021     0.000663021     0.000663021
        0.292864     0.000581079     0.000581079     0.000581079
        0.311411     0.000521125     0.000521125     0.000521125
        0.331131     0.000462112     0.000462112     0.000462112
        0.352101     0.000404867     0.000404867     0.000404867
        0.374398     0.000359459     0.000359459     0.000359459
        0.398107     0.000316676     0.000316676     0.000316676
        0.423318     0.000278352     0.000278352     0.000278352
        0.450125     0.000245428     0.000245428     0.000245428
         0.47863     0.000215274     0.000215274     0.000215274
         0.50894       0.0001892       0.0001892       0.0001892
         0.54117     0.000165787     0.000165787     0.000165787
         0.57544     0.000145306     0.000145306     0.000145306
        0.611881     0.000127148     0.000127148     0.000127148
        0.650629     0.000111183     0.000111183     0.000111183
        0.691831     9.71395e-05     9.71395e-05     9.71395e-05
        0.735642     8.47831e-05     8.47831e-05     8.47831e-05
        0.782228     7.39387e-05     7.39387e-05     7.39387e-05
        0.831764     6.44297e-05     6.44297e-05     6.44297e-05
        0.884437     5.60969e-05     5.60969e-05     5.60969e-05
        0.940445      4.8802e-05      4.8802e-05      4.8802e-05
               1     4.24224e-05     4.24224e-05     4.24224e-05
         1.06333     3.68486e-05     3.68486e-05     3.68486e-05
         1.13066     3.19832e-05     3.19832e-05     3.19832e-05
         1.20226     2.77398e-05     2.77398e-05     2.77398e-05
          1.2784     2.40421e-05     2.40421e-05     2.40421e-05
         1.35936     2.08231e-05     2.08231e-05     2.08231e-05
         1.44544     1.80225e-05     1.80225e-05     1.80225e-05
         1.53697     1.55881e-05     1.55881e-05     1.55881e-05
         1.63431     1.34738e-05     1.34738e-05     1.34738e-05
          1.7378     1.16387e-05     1.16387e-05     1.16387e-05
         1.84785     1.00473e-05     1.00473e-05     1.00473e-05
         1.96487     8.66808e-06     8.66808e-06     8.66808e-06
          2.0893     7.47373e-06     7.47373e-06     7.47373e-06
          2.2216     6.44016e-06     6.44016e-06     6.44016e-06
         2.36229     5.54633e-06     5.54633e-06     5.54633e-06
         2.51189     4.77385e-06     4.77385e-06     4.77385e-06
         2.67096     4.10671e-06     4.10671e-06     4.10671e-06
          2.8401      3.5309e-06      3.5309e-06      3.5309e-06
         3.01995     3.03422e-06     3.03422e-06     3.03422e-06
         3.21119     2.60607e-06     2.60607e-06     2.60607e-06
         3.41455      2.2372e-06      2.2372e-06      2.2372e-06
         3.63078      1.9196e-06      1.9196e-06      1.9196e-06
         3.86071      1.6463e-06      1.6463e-06      1.6463e-06
         4.10519     1.41124e-06     1.41124e-06     1.41124e-06
         4.36516     1.20919e-06     1.20919e-06     1.20919e-06
         4.64159      1.0356e-06      1.0356e-06      1.0356e-06
         4.93552      8.8654e-07      8.8654e-07      8.8654e-07
         5.24807      7.5861e-07      7.5861e-07      7.5861e-07
         5.58042     6.48868e-07     6.48868e-07     6.48868e-07
         5.93381     5.54774e-07     5.54774e-07     5.54774e-07
         6.30957     4.74135e-07     4.74135e-07     4.74135e-07
         6.70914     4.05058e-07     4.05058e-07     4.05058e-07
           7.134     3.45912e-07     3.45912e-07     3.45912e-07
         7.58578     2.95292e-07     2.95292e-07     2.95292e-07
         8.06616     2.51988e-07     2.51988e-07     2.51988e-07
         8.57696     2.14957e-07     2.14957e-07     2.14957e-07
         9.12011     1.83303e-07     1.83303e-07     1.83303e-07
         9.69765     1.56258e-07     1.56258e-07     1.56258e-07
         10.3118     1.33158e-07     1.33158e-07     1.33158e-07
         10.9648     1.13436e-07     1.13436e-07     1.13436e-07
         11.6591      9.6604e-08      9.6604e-08      9.6604e-08
         12.3975     8.22439e-08     8.22439e-08     8.22439e-08
         13.1826      6.9997e-08      6.9997e-08      6.9997e-08
         14.0174     5.95559e-08     5.95559e-08     5.95559e-08
          14.905     5.06574e-08     5.06574e-08     5.06574e-08
         15.8489     4.30761e-08     4.30761e-08     4.30761e-08
         16.8526     3.66192e-08     3.66192e-08     3.66192e-08
         17.9198     3.11215e-08     3.11215e-08     3.11215e-08
         19.0546     2.64422e-08     2.64422e-08     2.64422e-08
         20.2613     2.24604e-08     2.24604e-08     2.24604e-08
         21.5443     1.90734e-08     1.90734e-08     1.90734e-08
         22.9087      1.6193e-08      1.6193e-08      1.6193e-08
         24.3594     1.37442e-08     1.37442e-08     1.37442e-08
          25.902     1.16629e-08     1.16629e-08     1.16629e-08
         27.5423     9.89446e-09     9.89446e-09     9.89446e-09
         29.2864     8.39219e-09     8.39219e-09     8.39219e-09
         31.1411      7.1164e-09      7.1164e-09      7.1164e-09
         33.1131      6.0332e-09      6.0332e-09      6.0332e-09
         35.2101     5.11376e-09     5.11376e-09     5.11376e-09
         37.4398     4.33351e-09     4.33351e-09     4.33351e-09
         39.8107     3.67154e-09     3.67154e-09     3.67154e-09
         42.3318     3.11005e-09     3.11005e-09     3.11005e-09
         45.0125     2.63389e-09     2.63389e-09     2.63389e-09
          47.863      2.2302e-09      2.2302e-09      2.2302e-09
          50.894     1.88801e-09     1.88801e-09     1.88801e-09
          54.117     1.59802e-09     1.59802e-09     1.59802e-09
          57.544     1.35231e-09     1.35231e-09     1.35231e-09
         61.1881     1.14418e-09     1.14418e-09     1.14418e-09
         65.0629     9.67904e-10     9.67904e-10     9.67904e-10
         69.1831     8.18641e-10     8.18641e-10     8.18641e-10
         73.5642     6.92275e-10     6.92275e-10     6.92275e-10
         78.2228     5.85316e-10     5.85316e-10     5.85316e-10
         83.1764     4.94799e-10     4.94799e-10     4.94799e-10
         88.4437     4.18211e-10     4.18211e-10     4.18211e-10
         94.0445     3.53421e-10     3.53421e-10     3.53421e-10
             100     2.98621e-10     2.98621e-10     2.98621e-10
         106.333     2.52279e-10     2.52279e-10     2.52279e-10
         113.066     2.13095e-10     2.13095e-10     2.13095e-10
         120.226      1.7997e-10      1.7997e-10      1.7997e-10
          127.84     1.51972e-10     1.51972e-10     1.51972e-10
         135.936     1.28311e-10     1.28311e-10     1.28311e-10
         144.544     1.08318e-10     1.08318e-10     1.08318e-10
         153.697     9.14277e-11     9.14277e-11     9.14277e-11
         163.431     7.71603e-11     7.71603e-11     7.71603e-11
          173.78     6.51104e-11     6.51104e-11     6.51104e-11
         184.785      5.4935e-11      5.4935e-11      5.4935e-11
         196.487     4.63436e-11     4.63436e-11     4.63436e-11
          208.93     3.90908e-11     3.90908e-11     3.90908e-11
          222.16     3.29688e-11     3.29688e-11     3.29688e-11
         236.229     2.78021e-11     2.78021e-11     2.78021e-11
         251.189     2.34422e-11     2.34422e-11     2.34422e-11
         267.096     1.97636e-11     1.97636e-11     1.97636e-11
          284.01     1.66602e-11     1.66602e-11     1.66602e-11
         301.995     1.40425e-11     1.40425e-11     1.40425e-11
         321.119     1.18347e-11     1.18347e-11     1.18347e-11
         341.455      9.9729e-12      9.9729e-12      9.9729e-12
         363.078     8.40302e-12     8.40302e-12     8.40302e-12
         386.071     7.07948e-12     7.07948e-12     7.07948e-12
         410.519     5.96375e-12     5.96375e-12     5.96375e-12
         436.516     5.02332e-12     5.02332e-12     5.02332e-12
         464.159     4.23074e-12     4.23074e-12     4.23074e-12
         493.552     3.56283e-12     3.56283e-12     3.56283e-12
         524.807     3.00006e-12     3.00006e-12     3.00006e-12
         558.042     2.52592e-12     2.52592e-12     2.52592e-12
         593.381      2.1265e-12      2.1265e-12      2.1265e-12
         630.957     1.79007e-12     1.79007e-12     1.79007e-12
         670.914     1.50671e-12     1.50671e-12     1.50671e-12
           713.4     1.26809e-12     1.26809e-12     1.26809e-12
         758.578     1.06715e-12     1.06715e-12     1.06715e-12
         806.616     8.97972e-13     8.97972e-13     8.97972e-13
         857.696     7.55543e-13     7.55543e-13     7.55543e-13
         912.011     6.35647e-13     6.35647e-13     6.35647e-13
         969.765     5.34729e-13     5.34729e-13     5.34729e-13
         1031.18     4.49793e-13     4.49793e-13     4.49793e-13
         1096.48     3.78315e-13     3.78315e-13     3.78315e-13
         1165.91     3.18169e-13     3.18169e-13     3.18169e-13
         1239.75     2.67562e-13     2.67562e-13     2.67562e-13
         1318.26     2.24985e-13     2.24985e-13     2.24985e-13
         1401.74     1.89168e-13     1.89168e-13     1.89168e-13
          1490.5     1.59039e-13     1.59039e-13     1.59039e-13
         1584.89     1.33699e-13     1.33699e-13     1.33699e-13
         1685.26     1.12387e-13     1.12387e-13     1.12387e-13
         1791.98     9.44643e-14     9.44643e-14     9.44643e-14
         1905.46     7.93939e-14     7.93939e-14     7.93939e-14
         2026.13     6.67226e-14     6.67226e-14     6.67226e-14
         2154.43     5.60694e-14     5.60694e-14     5.60694e-14
         2290.87     4.71135e-14     4.71135e-14     4.71135e-14
         2435.94     3.95852e-14     3.95852e-14     3.95852e-14
          2590.2     3.32575e-14     3.32575e-14     3.32575e-14
         2754.23     2.79392e-14     2.79392e-14     2.79392e-14
         2928.64     2.34696e-14     2.34696e-14     2.34696e-14
         3114.11     1.97137e-14     1.97137e-14     1.97137e-14
         3311.31     1.65577e-14     1.65577e-14     1.65577e-14
         3521.01      1.3906e-14      1.3906e-14      1.3906e-14
         3743.98     1.16782e-14     1.16782e-14     1.16782e-14
         3981.07     9.80657e-15     9.80657e-15     9.80657e-15
         4233.18     8.23438e-15     8.23438e-15     8.23438e-15
         4501.25     6.91379e-15     6.91379e-15     6.91379e-15
          4786.3      5.8046e-15      5.8046e-15      5.8046e-15
          5089.4     4.87305e-15     4.87305e-15     4.87305e-15
          5411.7     4.09074e-15     4.09074e-15     4.09074e-15
          5754.4      3.4338e-15      3.4338e-15      3.4338e-15
         6118.81     2.88218e-15     2.88218e-15     2.88218e-15
         6506.29     2.41903e-15     2.41903e-15     2.41903e-15
         6918.31     2.03018e-15     2.03018e-15     2.03018e-15
         7356.42     1.70373e-15     1.70373e-15     1.70373e-15
         7822.28     1.42969e-15     1.42969e-15     1.42969e-15
         8317.64     1.19966e-15     1.19966e-15     1.19966e-15
         8844.37     1.00658e-15     1.00658e-15     1.00658e-15
         9404.45     8.44522e-16     8.44522e-16     8.44522e-16
