3.333333333333333148e-01
3.388888888888888506e-01
3.444444444444444420e-01
3.499999999999999778e-01
3.555555555555555136e-01
3.611111111111111049e-01
3.666666666666666408e-01
3.722222222222222321e-01
3.777777777777777679e-01
3.833333333333333037e-01
3.888888888888888951e-01
3.944444444444444309e-01
3.999999999999999667e-01
4.055555555555555580e-01
4.111111111111110938e-01
4.166666666666666297e-01
4.222222222222222210e-01
4.277777777777777568e-01
4.333333333333333481e-01
4.388888888888888840e-01
4.444444444444444198e-01
4.499999999999999556e-01
4.555555555555555469e-01
4.611111111111111382e-01
4.666666666666666741e-01
4.722222222222222099e-01
4.777777777777777457e-01
4.833333333333332815e-01
4.888888888888888729e-01
4.944444444444444642e-01
5.000000000000000000e-01
5.084745762711864181e-01
5.169491525423728362e-01
5.254237288135593653e-01
5.338983050847457834e-01
5.423728813559322015e-01
5.508474576271186196e-01
5.593220338983050377e-01
5.677966101694915668e-01
5.762711864406779849e-01
5.847457627118644030e-01
5.932203389830508211e-01
6.016949152542372392e-01
6.101694915254237683e-01
6.186440677966101864e-01
6.271186440677966045e-01
6.355932203389830226e-01
6.440677966101695517e-01
6.525423728813559698e-01
6.610169491525423879e-01
6.694915254237288060e-01
6.779661016949152241e-01
6.864406779661016422e-01
6.949152542372881713e-01
7.033898305084745894e-01
7.118644067796610075e-01
7.203389830508474256e-01
7.288135593220339548e-01
7.372881355932203729e-01
7.457627118644067910e-01
7.542372881355932090e-01
7.627118644067796271e-01
7.711864406779660452e-01
7.796610169491524633e-01
7.881355932203389925e-01
7.966101694915254106e-01
8.050847457627119397e-01
8.135593220338983578e-01
8.220338983050847759e-01
8.305084745762711940e-01
8.389830508474576121e-01
8.474576271186440302e-01
8.559322033898304483e-01
8.644067796610168664e-01
8.728813559322033955e-01
8.813559322033898136e-01
8.898305084745763427e-01
8.983050847457627608e-01
9.067796610169491789e-01
9.152542372881355970e-01
9.237288135593220151e-01
9.322033898305084332e-01
9.406779661016948513e-01
9.491525423728813804e-01
9.576271186440677985e-01
9.661016949152542166e-01
9.745762711864407457e-01
9.830508474576271638e-01
9.915254237288135819e-01
1.000000000000000000e+00
